

Access: 2022-05-11 03:22:02.126887255 -0700
Access: 2022-05-11 03:34:27.424955783 -0700
